Rk.x,Team,Age,W,L,PW,PL,MOV,SOS,SRS,ORtg,DRtg,NRtg,Pace,FTr,3PAr,TS%,eFG%,TOV%,ORB%,FT/FGA,DRB%,Rk.y,G,MP,FG,FGA,FG%,3P,3PA,3P%,2P,2PA,2P%,FT,FTA,FT%,ORB,DRB,TRB,AST,STL,BLK,TOV,PF,PTS
1,Milwaukee Bucks,26.9,60,22,61,21,8.87,-0.82,8.04,113.8,105.2,8.6,103.3,0.255,0.419,0.583,0.55,12,20.8,0.197,80.3,1,82,19780,3555,7471,0.476,1105,3134,0.353,2450,4337,0.565,1471,1904,0.773,762,3316,4078,2136,615,486,1137,1608,9686
2,Golden State Warriors,28.4,57,25,56,26,6.46,-0.04,6.42,115.9,109.5,6.4,100.9,0.227,0.384,0.596,0.565,12.6,22.5,0.182,77.1,2,82,19805,3612,7361,0.491,1087,2824,0.385,2525,4537,0.557,1339,1672,0.801,797,2990,3787,2413,625,525,1169,1757,9650
3,Toronto Raptors,27.3,58,24,56,26,6.09,-0.6,5.49,113.1,107.1,6,100.2,0.247,0.379,0.579,0.543,12.4,21.9,0.198,77.1,8,82,19880,3460,7305,0.474,1015,2771,0.366,2445,4534,0.539,1449,1803,0.804,786,2920,3706,2085,680,437,1150,1724,9384
4,Utah Jazz,27.3,50,32,54,28,5.26,0.03,5.28,110.9,105.7,5.2,100.3,0.295,0.394,0.572,0.538,13.4,22.9,0.217,80.3,17,82,19755,3314,7082,0.468,993,2789,0.356,2321,4293,0.541,1540,2092,0.736,820,2981,3801,2133,663,483,1240,1728,9161
5,Houston Rockets,29.2,53,29,53,29,4.77,0.19,4.96,115.5,110.7,4.8,97.9,0.279,0.519,0.581,0.542,12,22.8,0.221,74.4,11,82,19830,3218,7163,0.449,1323,3721,0.356,1895,3442,0.551,1582,2001,0.791,836,2613,3449,1741,700,405,1094,1803,9341
6,Portland Trail Blazers,26.2,53,29,51,31,4.2,0.24,4.43,114.7,110.5,4.2,99.1,0.258,0.339,0.568,0.528,12.1,26.6,0.21,77.9,6,82,19855,3470,7427,0.467,904,2520,0.359,2566,4907,0.523,1558,1914,0.814,967,2968,3935,1887,546,413,1135,1669,9402
7,Denver Nuggets,24.9,54,28,51,31,3.95,0.24,4.19,113,108.9,4.1,97.7,0.232,0.348,0.558,0.527,11.9,26.6,0.175,78,20,82,19730,3439,7384,0.466,903,2571,0.351,2536,4813,0.527,1294,1714,0.755,972,2832,3804,2245,634,363,1102,1644,9075
8,Boston Celtics,25.7,49,33,52,30,4.44,-0.54,3.9,112.2,107.8,4.4,99.6,0.215,0.381,0.567,0.534,11.5,21.6,0.173,77,14,82,19780,3451,7423,0.465,1032,2829,0.365,2419,4594,0.527,1282,1598,0.802,804,2849,3653,2155,706,435,1052,1670,9216
9,Oklahoma City Thunder,25.7,49,33,50,32,3.4,0.15,3.56,110.3,107,3.3,102.8,0.266,0.347,0.545,0.514,11.7,26,0.19,78.2,7,82,19855,3497,7706,0.454,932,2677,0.348,2565,5029,0.51,1461,2049,0.713,1031,2911,3942,1917,766,425,1145,1839,9387
10,Indiana Pacers,27,48,34,50,32,3.33,-0.57,2.76,109.9,106.5,3.4,98.1,0.242,0.292,0.561,0.53,12.4,21.9,0.182,76.2,22,82,19705,3390,7135,0.475,779,2081,0.374,2611,5054,0.517,1298,1727,0.752,762,2766,3528,2128,713,404,1122,1594,8857
11,Philadelphia 76ers,26.4,51,31,48,34,2.7,-0.44,2.25,112.6,110,2.6,101.6,0.312,0.342,0.574,0.532,12.9,24.5,0.241,78.6,4,82,19805,3407,7233,0.471,889,2474,0.359,2518,4759,0.529,1742,2258,0.771,892,3025,3917,2207,606,432,1223,1745,9445
12,San Antonio Spurs,28.8,48,34,45,37,1.68,0.12,1.8,112.9,111.2,1.7,98.3,0.237,0.286,0.572,0.534,11,21,0.194,79.4,18,82,19805,3468,7248,0.478,812,2071,0.392,2656,5177,0.513,1408,1720,0.819,757,2910,3667,2013,501,386,992,1487,9156
13,Los Angeles Clippers,27.2,48,34,43,39,0.85,0.23,1.09,112.4,111.5,0.9,101.7,0.326,0.295,0.575,0.529,12.7,22,0.258,76,5,82,19830,3384,7178,0.471,821,2118,0.388,2563,5060,0.507,1853,2340,0.792,796,2936,3732,1970,561,385,1193,1913,9442
14,Orlando Magic,25.7,42,40,43,39,0.71,-0.43,0.28,108.9,108.1,0.8,98.1,0.216,0.36,0.55,0.518,11.9,22,0.168,79.7,24,82,19780,3316,7307,0.454,937,2633,0.356,2379,4674,0.509,1231,1575,0.782,822,2902,3724,2095,543,445,1082,1526,8800
15,Brooklyn Nets,25.4,42,40,41,41,-0.07,-0.33,-0.4,109.6,109.7,-0.1,100.8,0.284,0.403,0.556,0.52,13,23.8,0.211,76.4,15,82,19980,3301,7358,0.449,1047,2965,0.353,2254,4393,0.513,1555,2088,0.745,900,2919,3819,1954,539,339,1236,1763,9204
16,Miami Heat,27,39,43,40,42,-0.23,-0.22,-0.45,107.3,107.6,-0.3,98.2,0.247,0.368,0.542,0.515,13.1,24.8,0.172,77.6,26,82,19730,3251,7218,0.45,928,2658,0.349,2323,4560,0.509,1238,1782,0.695,921,2879,3800,1991,627,448,1208,1712,8668
17,Detroit Pistons,26.9,41,41,40,42,-0.24,-0.31,-0.56,109,109.2,-0.2,97.4,0.262,0.394,0.544,0.509,12.3,24.8,0.195,78.7,25,82,19855,3185,7238,0.44,993,2854,0.348,2192,4384,0.5,1415,1893,0.747,936,2752,3688,1845,569,331,1135,1811,8778
18,Sacramento Kings,24.8,39,43,38,44,-1.12,0.31,-0.81,110.4,111.5,-1.1,103.1,0.244,0.321,0.554,0.524,11.5,23.1,0.177,75.5,9,82,19730,3541,7637,0.464,927,2455,0.378,2614,5182,0.504,1354,1865,0.726,906,2819,3725,2083,679,363,1095,1751,9363
19,Dallas Mavericks,26.9,33,49,38,44,-1.28,0.42,-0.87,109.4,110.7,-1.3,99,0.291,0.422,0.555,0.519,12.7,22.7,0.216,77.5,21,82,19780,3182,7122,0.447,1022,3002,0.34,2160,4120,0.524,1541,2076,0.742,832,2884,3716,1918,533,351,1167,1650,8927
20,Minnesota Timberwolves,26.2,36,46,37,45,-1.5,0.48,-1.02,111.4,112.9,-1.5,100.2,0.267,0.315,0.552,0.511,11.4,24.6,0.21,74.9,13,82,19830,3413,7483,0.456,827,2357,0.351,2586,5126,0.504,1570,1995,0.787,923,2750,3673,2018,683,411,1074,1664,9223
21,New Orleans Pelicans,25.7,33,49,38,44,-1.33,0.23,-1.1,111.4,112.6,-1.2,103.3,0.254,0.324,0.563,0.529,12.6,24.1,0.193,76.8,3,82,19755,3581,7563,0.473,842,2449,0.344,2739,5114,0.536,1462,1921,0.761,909,2969,3878,2216,610,441,1215,1732,9466
22,Charlotte Hornets,26.6,39,43,38,44,-1.1,-0.22,-1.32,111.4,112.5,-1.1,98.7,0.257,0.378,0.554,0.514,10.9,21.7,0.205,77.1,19,82,19830,3297,7362,0.448,977,2783,0.351,2320,4579,0.507,1510,1895,0.797,814,2778,3592,1905,591,405,1001,1550,9081
23,Los Angeles Lakers,26.2,37,45,37,45,-1.72,0.39,-1.33,107.8,109.5,-1.7,103.2,0.257,0.342,0.554,0.527,13.4,22.2,0.18,76.4,16,82,19780,3491,7425,0.47,847,2541,0.333,2644,4884,0.541,1336,1910,0.699,835,2985,3820,2096,618,440,1284,1701,9165
24,Memphis Grizzlies,27.7,33,49,34,48,-2.6,0.51,-2.08,106.1,108.8,-2.7,96.6,0.272,0.342,0.548,0.508,12.9,20,0.21,77.6,30,82,19880,3113,6924,0.45,811,2368,0.342,2302,4556,0.505,1453,1882,0.772,723,2703,3426,1963,684,448,1147,1801,8490
25,Washington Wizards,26.5,32,50,34,48,-2.9,-0.4,-3.3,111.1,113.9,-2.8,101.4,0.266,0.37,0.567,0.531,12.3,21.3,0.204,74.1,10,82,19930,3456,7387,0.468,930,2731,0.341,2526,4656,0.543,1508,1963,0.768,794,2679,3473,2154,683,379,1154,1701,9350
26,Atlanta Hawks,25.1,29,53,27,55,-6.02,-0.04,-6.06,108.1,113.9,-5.8,103.9,0.255,0.403,0.555,0.522,14.3,24.7,0.192,76.4,12,82,19855,3392,7524,0.451,1067,3034,0.352,2325,4490,0.518,1443,1918,0.752,955,2825,3780,2118,675,419,1397,1932,9294
27,Chicago Bulls,24,22,60,21,61,-8.41,0.1,-8.32,104.8,113.2,-8.4,99,0.235,0.295,0.541,0.505,12.7,19.4,0.184,77.3,27,82,19905,3266,7205,0.453,745,2123,0.351,2521,5082,0.496,1328,1695,0.783,718,2799,3517,1796,603,351,1159,1663,8605
28,Phoenix Suns,24,19,63,19,63,-9.34,0.73,-8.61,105.9,115.1,-9.2,100.5,0.259,0.335,0.552,0.514,13.8,20.5,0.202,72.5,23,82,19880,3289,7164,0.459,790,2400,0.329,2499,4764,0.525,1447,1858,0.779,748,2563,3311,1957,735,418,1279,1932,8815
29,New York Knicks,23.4,17,65,19,63,-9.21,0.28,-8.93,104.5,113.7,-9.2,99.6,0.27,0.334,0.529,0.49,12.4,22.1,0.205,76.1,28,82,19780,3134,7241,0.433,823,2421,0.34,2311,4820,0.479,1484,1956,0.759,857,2811,3668,1646,557,422,1151,1713,8575
30,Cleveland Cavaliers,25.2,19,63,19,63,-9.61,0.22,-9.39,107.7,117.6,-9.9,96.6,0.236,0.332,0.54,0.503,12.2,23.7,0.187,77,29,82,19755,3189,7184,0.444,847,2388,0.355,2342,4796,0.488,1342,1694,0.792,879,2619,3498,1698,534,195,1106,1642,8567
